156
116
26
127
110
190
64
150
96
76
148
182
8
120
81
183
50
131
154
186
60
25
53
192
156
166
67
119
24
122
44
138
150
113
124
33
48
164
148
152
175
116
119
192
154
116
139
2
117
23
166
21
72
107
8
144
41
101
150
173
41
188
91
17
180
168
59
179
5
160
51
23
104
190
141
53
155
168
148
9
138
2
171
82
141
120
53
49
63
43
146
37
187
76
37
189
163
70
70
28
94
108
162
87
166
130
81
133
0
88
119
61
63
24
81
9
29
105
89
92
49
137
177
127
29
112
143
81
161
94
163
48
31
26
9
177
171
3
102
117
133
40
152
35
114
173
151
56
80
42
175
59
187
33
132
23
134
67
111
98
29
154
39
110
125
134
187
78
179
122
97
51
21
122
127
121
154
94
59
87
131
40
93
154
100
156
63
117
17
73
44
160
88
184
112
115
190
105
2
89
