143
118
37
136
189
6
61
32
185
130
87
82
83
131
77
97
113
186
99
183
55
8
93
37
70
92
92
49
128
65
34
135
146
110
97
150
16
184
140
103
91
94
139
107
61
15
0
10
50
20
163
14
190
104
64
98
38
98
125
170
164
141
88
13
81
93
101
176
8
157
105
16
114
69
112
178
181
125
126
44
192
16
34
79
138
162
30
155
60
155
107
86
82
73
102
186
39
140
34
25
91
5
182
33
163
127
176
42
47
8
191
111
56
21
78
6
26
102
86
57
46
162
123
124
103
109
190
78
139
106
160
35
28
23
87
174
44
85
106
114
130
31
149
32
111
176
189
2
108
39
122
56
43
179
129
135
131
64
180
142
26
151
36
32
122
67
4
75
16
119
94
48
18
119
124
118
151
91
56
84
97
37
188
14
97
143
60
114
29
125
128
157
85
119
9
180
16
102
63
42
