85
115
133
159
193
73
50
106
17
23
147
183
71
181
172
182
130
162
125
16
193
29
181
173
153
165
3
149
148
105
62
49
149
100
83
89
47
63
147
124
189
121
142
28
153
115
138
1
181
159
165
38
71
102
14
9
46
36
149
129
40
187
90
16
117
114
58
162
47
159
141
22
164
114
144
52
62
127
147
22
81
1
174
170
147
171
56
48
96
87
145
170
186
81
156
188
177
69
69
27
10
107
161
28
165
187
151
132
3
87
56
84
62
27
84
123
71
90
88
41
48
136
69
126
111
192
146
176
101
93
162
51
30
115
8
176
170
2
192
79
136
4
151
2
113
172
189
78
79
128
174
17
93
149
131
26
79
70
110
97
52
3
38
141
12
133
190
187
188
79
96
48
53
121
104
3
14
31
30
86
98
39
92
26
59
155
113
49
16
97
41
55
59
192
115
165
84
188
166
73
